M = [ 12 24 36 58 ; 2 6 8 10 ; 7 9 11 13 ]

M(3,4)

M1 = M(2:3,2:3)

L3 = M(3, :)

C4 = M(: ,4)

M2 = [M(3, :) ; M(2, :) ; M(1, :) ]

M(2, :) = [2 ; 2 ; 2 ; 2 ]